-75587.66062211466: [77616, 804600, 1211400]
-52648.451145049155: [34488, 815400, 1329264]
-40657.34310500775: [61776, 793800, 1288152]
-28137.36716704292: [46188, 847800, 1273752]
-26785.610878209067: [43704, 826200, 1397088]
-24953.949910135736: [30744, 880200, 1272888]
-25477.089725120968: [51192, 939600, 1285560]
-20810.64521822091: [42444, 777600, 1343664]
-22288.511868805712: [40068, 880200, 1340136]
-21977.038659018013: [24156, 896400, 1314504]
-22747.362181571953: [43524, 891000, 1325304]
-21704.158387602838: [38808, 804600, 1304640]
-24990.105271980083: [35784, 907200, 1237608]
-26301.002021867953: [42624, 999000, 1226016]
-21076.906818066404: [40140, 761400, 1335888]
-25602.82444232724: [58536, 880200, 1321632]
-23406.42049104745: [40536, 885600, 1316160]
-27814.731566717193: [69840, 896400, 1304784]
-18464.553355048916: [21348, 750600, 1354176]
-24648.752606390255: [50364, 858600, 1302048]
-24888.0509493994: [33660, 961200, 1289448]
-23477.885700607716: [42516, 842400, 1326672]
-24207.936001120794: [48636, 885600, 1316088]
-21668.853243495236: [43380, 810000, 1307664]
-23465.170789290976: [39384, 847800, 1318248]
-24680.403538395607: [51156, 869400, 1343016]
-28018.9158372263: [69372, 837000, 1329408]
-24049.00765667825: [49932, 810000, 1343808]
-24405.128018976353: [65664, 777600, 1347552]
-21456.407438636175: [35820, 788400, 1345752]
-24443.925940225847: [35892, 923400, 1308312]
-25575.832923810307: [55908, 901800, 1247976]
-29195.876012613673: [44676, 945000, 1255680]
-26104.07815656007: [51372, 934200, 1236240]
-24868.349672472537: [48600, 907200, 1294776]
-29520.145655838733: [64224, 723600, 1329264]
-24551.624972123944: [53784, 864000, 1308024]
-21324.6529958281: [38592, 810000, 1355688]
-23767.783669234996: [47520, 858600, 1317024]
-21437.397637471626: [45720, 734400, 1362960]
-24670.646770496976: [63612, 777600, 1361520]
-25977.54104362207: [48312, 934200, 1305360]
-23928.52359277109: [58572, 853200, 1295928]
-26587.36427167193: [52704, 999000, 1283904]
-23435.021057417624: [39960, 939600, 1270512]
-29802.482197785124: [83628, 961200, 1269216]
-23634.220835524924: [28692, 972000, 1255536]
-27316.401268850408: [54684, 874800, 1337688]
-25162.134286388882: [49968, 831600, 1324224]
-21976.70468201975: [35028, 799200, 1375920]
